58
12
70
26
67
55
42
27
11
100
22
69
29
33
39
50
79
12
22
38
53
61
72
17
7
85
0
99
26
10
18
25
57
71
100
57
89
78
36
0
51
76
12
60
84
62
27
48
41
86
33
13
13
90
24
25
41
25
79
14
54
80
6
67
34
56
38
69
74
48
47
50
12
34
83
38
63
37
79
31
94
21
38
36
0
87
16
57
7
93
5
81
64
77
90
76
0
70
8
9
59
70
16
80
83
60
100
65
60
36
77
71
27
18
91
77
92
13
27
35
87
64
94
3
38
14
55
4
88
46
16
86
83
16
74
81
29
47
28
63
62
38
78
0
51
73
100
55
4
17
27
7
88
92
9
92
79
56
1
4
23
51
8
66
50
59
43
30
4
26
7
1
6
1
94
63
79
17
27
88
67
8
1
68
38
14
99
1
30
82
67
59
45
77
61
30
37
60
76
64
27
82
65
6
66
90
45
1
7
86
94
32
69
28
7
59
45
0
56
9
69
29
9
71
7
70
47
50
20
22
76
2
54
97
53
96
26
80
70
45
94
3
33
87
78
67
79
79
87
32
21
44
98
10
96
68
83
63
43
36
51
20
64
96
40
5
51
31
44
64
40
93
13
52
39
51
2
34
39
30
27
53
88
15
18
50
0
56
7
24
62
31
56
86
43
76
52
92
16
53
